[gd_scene load_steps=9 format=3 uid="uid://gx0ltfbebvyg"]

[ext_resource type="PackedScene" uid="uid://cfo1w0kg5q8v8" path="res://player.tscn" id="1_bn6i1"]
[ext_resource type="Script" path="res://main.gd" id="1_ra8wp"]
[ext_resource type="PackedScene" uid="uid://c5p5od8e2uxty" path="res://mob.tscn" id="2_kfb0y"]

[sub_resource type="BoxShape3D" id="BoxShape3D_6c5as"]
size = Vector3(60, 2, 60)

[sub_resource type="BoxMesh" id="BoxMesh_y32ra"]
size = Vector3(60, 2, 60)

[sub_resource type="StandardMaterial3D" id="StandardMaterial3D_x8mty"]
albedo_color = Color(1, 0.415686, 0.878431, 0.588235)

[sub_resource type="CylinderMesh" id="CylinderMesh_c6g0i"]
material = SubResource("StandardMaterial3D_x8mty")

[sub_resource type="Curve3D" id="Curve3D_3sjxc"]
_data = {
"points": PackedVector3Array(0, 0, 0, 0, 0, 0, -15.7076, 0, -16.1307, 0, 0, 0, 0, 0, 0, 14.9672, 0, -16.0249, 0, 0, 0, 0, 0, 0, 16.1307, 0, 15.8134, 0, 0, 0, 0, 0, 0, -15.9192, 0, 15.7076, 0, 0, 0, 0, 0, 0, -15.7076, 0, -16.1307),
"tilts": PackedFloat32Array(0, 0, 0, 0, 0)
}
point_count = 5

[node name="Main" type="Node"]
script = ExtResource("1_ra8wp")
mobScene = ExtResource("2_kfb0y")

[node name="Ground" type="StaticBody3D" parent="."]
transform = Transform3D(1, 0, 0, 0, 1, 0, 0, 0, 1, 0, -1, 0)
collision_layer = 4
collision_mask = 0

[node name="CollisionShape3D" type="CollisionShape3D" parent="Ground"]
shape = SubResource("BoxShape3D_6c5as")

[node name="MeshInstance3D" type="MeshInstance3D" parent="Ground"]
mesh = SubResource("BoxMesh_y32ra")

[node name="DirectionalLight3D" type="DirectionalLight3D" parent="."]
transform = Transform3D(1, 0, 0, 0, -4.37114e-08, 1, 0, -1, -4.37114e-08, 0, 28, 7)
shadow_enabled = true
shadow_bias = 0.357
shadow_normal_bias = 0.846

[node name="Player" parent="." instance=ExtResource("1_bn6i1")]

[node name="CameraPivot" type="Marker3D" parent="."]
transform = Transform3D(1, 0, 0, 0, 0.707107, 0.707107, 0, -0.707107, 0.707107, 0, 0, 0)
visible = false

[node name="Camera3D" type="Camera3D" parent="CameraPivot"]
transform = Transform3D(1, 0, 0, 0, 1, 0, 0, 0, 1, 0, 0, 19)
projection = 1
size = 18.857
near = 0.074
far = 1907.21

[node name="Cylinders" type="Node3D" parent="."]

[node name="MeshInstance3D" type="MeshInstance3D" parent="Cylinders"]
transform = Transform3D(0.993631, 0, -0.112683, 0, 1, 0, 0.112683, 0, 0.993631, -15.841, 0, -16.159)
mesh = SubResource("CylinderMesh_c6g0i")

[node name="MeshInstance3D2" type="MeshInstance3D" parent="Cylinders"]
transform = Transform3D(0.993631, 0, -0.112683, 0, 1, 0, 0.112683, 0, 0.993631, 16.159, 0, 15.841)
mesh = SubResource("CylinderMesh_c6g0i")

[node name="MeshInstance3D3" type="MeshInstance3D" parent="Cylinders"]
transform = Transform3D(0.993631, 0, -0.112683, 0, 1, 0, 0.112683, 0, 0.993631, 15, 0, -16)
mesh = SubResource("CylinderMesh_c6g0i")

[node name="MeshInstance3D4" type="MeshInstance3D" parent="Cylinders"]
transform = Transform3D(0.993631, 0, -0.112683, 0, 1, 0, 0.112683, 0, 0.993631, -15.841, 0, 15.841)
mesh = SubResource("CylinderMesh_c6g0i")

[node name="MobTimer" type="Timer" parent="."]
wait_time = 0.44
autostart = true

[node name="spawnpath" type="Path3D" parent="."]
curve = SubResource("Curve3D_3sjxc")

[node name="spawnpathlocation" type="PathFollow3D" parent="spawnpath"]

[connection signal="hit" from="Player" to="." method="_on_player_hit"]
[connection signal="timeout" from="MobTimer" to="." method="_on_mob_timer_timeout"]
